for i in range (1,501):
    temp=i
    n=temp
    while (n>0):
        num=n%10
        n=n//10
        if(num==0):
            continue
        if(temp%num!=0):
            break
    else :
        print(i,end=" ")


Output :
1 2 3 4 5 6 7 8 9 10 11 12 15 20 22 24 30 33 36 40 44 48 50 55 60 66 70 77 80 88 90 99 100 101 102 104 105 110 111 112 115 120 122 124 126 128 132 135 140 144 150 155 162 168 175 184 200 202 204 208 210 212 216 220 222 224 240 244 248 250 264 280 288 300 303 306 312 315 324 330 333 336 360 366 384 396 400 404 408 412 420 424 432 440 444 448 480 488 500 
