for i in range (1,1001):
    num=i//10
    #num=num//10
    if (num>1):
        count=0
        for j in range(2,num):
            if(num%j==0):
                count=count+1
                break 
        if(count==0):
            print(i,end=" ")


Output :
20 21 22 23 24 25 26 27 28 29 30 31 32 33 34 35 36 37 38 
39 50 51 52 53 54 55 56 57 58 59 70 71 72 73 74 75 76 77 
78 79 110 111 112 113 114 115 116 117 118 119 130 131 132 
133 134 135 136 137 138 139 170 171 172 173 174 175 176 177 
178 179 190 191 192 193 194 195 196 197 198 199 230 231 232 
233 234 235 236 237 238 239 290 291 292 293 294 295 296 297 
298 299 310 311 312 313 314 315 316 317 318 319 370 371 372 
373 374 375 376 377 378 379 410 411 412 413 414 415 416 417 
418 419 430 431 432 433 434 435 436 437 438 439 470 471 472 
473 474 475 476 477 478 479 530 531 532 533 534 535 536 537 
538 539 590 591 592 593 594 595 596 597 598 599 610 611 612 
613 614 615 616 617 618 619 670 671 672 673 674 675 676 677 
678 679 710 711 712 713 714 715 716 717 718 719 730 731 732 
733 734 735 736 737 738 739 790 791 792 793 794 795 796 797 
798 799 830 831 832 833 834 835 836 837 838 839 890 891 892 
893 894 895 896 897 898 899 970 971 972 973 974 975 976 977 978 979 
